102.713997
42.633824
42.082228
84.280628
21.660381
23.611304
6.807089
49.213062
44.773399
23.296837
57.211707
41.255168
13.535409
67.495237
28.544627
1.494709
61.507979
44.11467
48.250592
31.633813
71.052066
12.394909
49.742431
46.36947
80.392378
51.488046
124.096849
50.548697
38.277365
29.442408
12.257888
16.102904
104.206159
19.038001
84.794439
84.803324
10.344564
8.771697
35.709542
22.594173
13.201363
43.95713
20.188505
42.281052
16.491896
31.249135
27.754572
55.602872
19.939008
82.891215
25.970897
36.362917
14.363206
11.371521
10.493102
45.775049
84.335415
21.757823
9.52177
17.355767
11.553169
22.189011
20.407866
116.459992
50.857774
46.801422
26.655156
56.862945
4.802322
8.90918
78.405937
75.513029
50.212049
103.805272
18.422091
13.705066
46.976535
4.322504
62.670082
39.884829
19.007327
67.842362
11.776217
82.165739
11.47039
29.471644
80.077893
4.452519
4.628626
7.811649
100.132018
24.495832
138.995434
51.057709
27.981116
47.548912
50.213733
49.133269
31.330203
7.2538