223.105473
90.365421
51.899378
373.868725
240.917766
402.164847
502.559619
30.373203
47.314834
281.454105
166.936331
206.753395
87.483386
131.819612
328.650635
286.576642
53.436361
2.276297
1307.123224
150.525655
24.195611
134.657709
30.174181
639.598676
40.79467
120.306602
258.918599
907.319192
525.554795
272.516343
79.748327
176.711934
50.779425
302.875969
125.784547
88.514568
25.119
345.444347
38.513242
189.910638
22.580448
26.337983
220.373381
196.031463
702.577395
121.884758
653.622461
190.625827
36.904183
222.302562
148.805495
22.399962
368.98884
321.399144
82.689643
686.35971
376.211113
597.824339
98.777591
273.838073
142.162934
449.924758
18.748986
111.584375
206.181698
83.512863
83.815489
256.410789
115.1109
352.799079
64.283649
104.260724
43.175308
528.968676
122.861425
132.577871
55.724879
138.006983
34.008309
19.254009
432.814607
15.687431
302.06037
64.402219
411.648357
341.370425
441.562872
61.597699
10.185921
37.009577
455.070657
410.760492
153.745443
399.279765
102.464536
59.040545
1101.799429
437.676497
53.940019
13.785234