51.135078
218.342255
43.060027
46.311327
134.909531
54.520126
25.134816
37.479934
7.83093
82.221545
14.578149
32.20725
15.609525
23.143881
78.847968
152.622732
17.908198
50.975068
9.181496
86.774503
27.287186
41.141676
14.205782
79.049854
44.336439
67.91062
38.137186
42.474838
50.141222
58.157661
40.139688
322.459566
27.649062
6.388504
49.141051
25.043756
119.209956
1.934652
32.728946
10.803261
32.609073
245.042268
17.207672
182.897423
1.305406
21.455375
71.860838
50.263193
27.855974
97.78657
18.839689
22.210082
18.503141
27.944043
11.974878
9.370186
21.409127
19.133358
17.52067
59.180503
30.325802
20.077815
453.252618
13.733328
35.604845
15.116695
6.395424
53.45256
189.981157
40.621668
60.412025
82.578581
137.939826
11.550639
26.887807
9.78316
38.39501
31.942885
52.654158
1.930243
58.569058
56.021293
27.526622
73.190375
75.774023
4.858953
112.504402
26.980263
103.31906
33.112756
42.478573
49.506177
17.09202
27.804931
43.728232
85.535743
14.54265
82.983147
158.232468
46.073268