21.820858
26.405386
36.571175
146.967758
10.20289
34.55636
88.601281
23.689515
14.548429
18.675301
23.550082
8.92522
5.980988
51.894242
48.427038
65.494359
29.314326
26.396523
33.544934
23.185308
21.259514
31.844306
8.120434
30.666111
63.46894
36.037715
8.943963
80.955411
17.294171
51.823351
9.271301
33.620138
72.016173
85.544092
43.272953
62.50561
49.801018
4.670054
36.178998
2.017856
27.604185
115.095104
31.870002
7.237173
59.408528
11.27452
183.119158
116.868588
76.524933
104.131084
13.354746
37.138742
70.201761
79.81438
137.210176
18.840019
252.047019
93.400979
17.620814
18.024531
100.325339
40.269492
35.568376
12.31186
33.045808
39.850016
50.222654
145.296058
47.06068
37.187696
87.140795
3.884284
65.79994
7.243104
20.680235
472.994025
5.421107
21.55975
7.890812
18.74908
12.477511
47.045661
18.3484
18.283987
5.132048
14.475234
32.475065
35.144649
43.540365
144.048654
257.779101
24.952191
5.085314
10.648959
36.39698
177.323325
2.575182
45.296697
414.249817
24.68974